1 0.182 0.4070464767616192 0.096 0.1664167916041979
1 0.2695 0.5337331334332833 0.069 0.044977511244377814
1 0.281 0.4362818590704648 0.02 0.020989505247376312
1 0.32 0.3553223388305847 0.036 0.03298350824587706
1 0.4105 0.3598200899550225 0.035 0.035982008995502246
1 0.385 0.5464767616191905 0.032 0.06146926536731634
1 0.5285 0.5562218890554723 0.085 0.07796101949025487
1 0.4595 0.3620689655172414 0.025 0.037481259370314844
1 0.5785 0.3598200899550225 0.207 0.2098950524737631
1 0.6695 0.5944527736131934 0.033 0.12743628185907047
1 0.799 0.5749625187406296 0.094 0.06146926536731634
1 0.7905 0.3058470764617691 0.223 0.1199400299850075
1 0.756 0.4122938530734633 0.028 0.08395802098950525
1 0.8235 0.4085457271364318 0.029 0.10644677661169415
0 0.442 0.1469265367316342 0.882 0.2908545727136432
0 0.1575 0.4790104947526237 0.313 0.3793103448275862
